1	6
2	6
3	6
4	6
5	6
6	6
7	6
8	6
9	6
10	5
11	5
12	5
13	6
14	7
15	5
16	6
17	4
18	8
19	6
20	5
21	8
22	7
23	7
24	6
25	6
26	6
27	6
28	6
29	6
30	8
31	5
32	6
33	5
34	6
35	6
36	7
37	5
38	7
39	5
40	5
41	6
42	6
43	6
44	6
45	6
46	4
47	4
48	4
49	6
50	6
51	6
52	7
53	6
54	6
55	5
56	6
57	6
58	6
59	6
60	6
61	6
62	6
63	6
64	6
65	7
66	5
67	5
68	5
69	8
70	5
71	4
72	5
73	5
74	4
75	8
76	5
77	7
78	4
79	6
80	5
81	6
82	6
83	5
84	6
85	5
86	6
87	6
88	6
89	5
90	6
91	6
92	6
93	7
94	7
95	5
96	5
97	6
98	7
99	5
100	6
101	5
102	5
103	5
104	6
105	5
106	6
107	5
108	6
109	6
110	6
111	5
112	6
113	5
114	5
115	5
116	6
117	5
118	6
119	5
120	6
121	5
122	5
123	6
124	5
125	6
126	7
127	5
128	7
129	6
130	6
131	5
132	7
133	5
134	5
135	5
136	5
137	6
138	5
139	8
140	6
141	6
142	5
143	6
144	6
145	6
146	4
147	6
148	7
149	6
150	6
151	7
152	6
153	6
154	7
155	7
156	6
157	6
158	7
159	8
160	8
161	7
162	5
163	4
164	6
165	5
166	6
167	6
168	7
169	6
170	5
171	6
172	6
173	4
174	8
175	6
176	6
177	4
178	6
179	5
180	5
181	6
182	6
183	5
184	6
185	5
186	5
187	6
188	7
189	7
190	4
191	4
192	5
193	6
194	6
195	5
196	5
197	5
198	5
199	5
200	5
201	5
202	5
203	6
204	6
205	6
206	5
207	5
208	6
209	6
210	6
211	3
212	6
213	5
214	6
215	7
216	5
217	5
218	5
219	6
220	5
221	5
222	7
223	7
224	5
225	6
226	5
227	6
228	5
229	6
230	5
231	6
232	6
233	5
234	6
235	6
236	6
237	6
238	6
239	6
240	5
241	6
242	6
243	6
244	6
245	5
246	6
247	9
248	7
249	7
250	6
251	6
252	7
253	5
254	4
255	6
256	5
257	7
258	7
259	6
260	4
261	7
262	5
263	5
264	5
265	6
266	5
267	6
268	5
269	6
270	6
271	6
272	5
273	5
274	6
275	5
276	6
277	6
278	5
279	5
280	7
281	6
282	8
283	5
284	5
285	5
286	5
287	6
288	7
289	7
290	7
291	7
292	6
293	5
294	7
295	3
296	6
297	6
298	6
299	6
300	6
301	6
302	6
303	6
304	6
305	6
306	6
307	6
308	7
309	6
310	6
311	6
312	5
313	6
314	6
315	6
316	6
317	6
318	5
319	6
320	6
321	6
322	5
323	6
324	8
325	5
326	3
327	6
328	6
329	6
330	5
331	7
332	7
333	6
334	5
335	5
336	6
337	6
338	6
339	5
340	6
341	5
342	6
343	5
344	5
345	6
346	5
347	7
348	6
349	6
350	6
351	7
352	7
353	6
354	7
355	5
356	6
357	6
358	6
359	6
360	6
361	5
362	5
363	6
364	6
365	7
366	6
367	6
368	6
369	6
370	6
371	6
372	6
373	5
374	6
375	7
376	7
377	7
378	7
379	6
380	7
381	7
382	5
383	7
384	6
385	7
386	7
387	6
388	5
389	6
390	7
391	7
392	7
393	6
394	4
395	5
396	5
397	5
398	6
399	6
400	7
401	6
402	5
403	5
404	5
405	6
406	5
407	7
408	5
409	5
410	5
411	6
412	6
413	5
414	5
415	6
416	6
417	6
418	5
419	6
420	6
421	6
422	6
423	6
424	6
425	6
426	6
427	6
428	5
429	6
430	5
431	5
432	5
433	7
434	5
435	8
436	7
437	5
438	5
439	7
440	5
441	6
442	6
443	8
444	6
445	5
446	6
447	6
448	6
449	6
450	7
451	5
452	7
453	6
454	7
455	7
456	6
457	6
458	5
459	5
460	5
461	5
462	7
463	6
464	6
465	5
466	6
467	5
468	6
469	5
470	6
471	5
472	5
473	6
474	7
475	6
476	5
477	7
478	7
479	6
480	6
481	5
482	6
483	5
484	5
485	6
486	6
487	6
488	6
489	5
490	5
491	6
492	7
493	6
494	6
495	6
496	7
497	4
498	8
499	5
500	4
501	5
502	6
503	5
504	5
505	6
506	6
507	6
508	7
509	6
510	7
511	6
512	6
513	6
514	6
515	6
516	7
517	6
518	6
519	6
520	6
521	5
522	5
523	6
524	6
525	6
526	6
527	6
528	6
529	6
530	6
531	6
532	5
533	6
534	6
535	6
536	5
537	5
538	6
539	5
540	5
541	4
542	5
543	6
544	5
545	6
546	7
547	4
548	6
549	7
550	5
551	7
552	7
553	7
554	7
555	7
556	7
557	4
558	5
559	5
560	7
561	5
562	5
563	6
564	5
565	6
566	6
567	6
568	5
569	6
570	5
571	5
572	7
573	5
574	7
575	7
576	6
577	6
578	7
579	7
580	6
581	5
582	4
583	6
584	6
585	6
586	6
587	5
588	7
589	7
590	6
591	6
592	7
593	5
594	5
595	5
596	5
597	5
598	5
599	6
600	5
601	6
602	5
603	5
604	5
605	6
606	6
607	5
608	5
609	5
610	7
611	7
612	7
613	5
614	5
615	5
616	5
617	7
618	6
619	6
620	6
621	5
622	5
623	6
624	5
625	6
626	7
627	5
628	6
629	6
630	6
631	5
632	5
633	6
634	5
635	7
636	5
637	6
638	6
639	5
640	5
641	7
642	7
643	6
644	5
645	6
646	5
647	4
648	6
649	5
650	7
651	7
652	7
653	7
654	5
655	7
656	6
657	7
658	5
659	6
660	3
661	5
662	5
663	6
664	5
665	6
666	5
667	6
668	6
669	6
670	6
671	5
672	6
673	5
674	6
675	5
676	6
677	6
678	7
679	7
680	7
681	6
682	5
683	6
684	6
685	5
686	6
687	6
688	5
689	6
690	6
691	5
692	4
693	6
694	5
695	6
696	6
697	6
698	5
699	5
700	5
701	7
702	6
703	5
704	6
705	7
706	5
707	5
708	6
709	7
710	5
711	5
712	6
713	6
714	6
715	6
716	7
717	5
718	6
719	7
720	7
721	5
722	5
723	5
724	6
725	6
726	6
727	7
728	5
729	5
730	5
731	5
732	6
733	4
734	6
735	5
736	6
737	6
738	5
739	7
740	6
741	6
742	6
743	5
744	5
745	5
746	7
747	6
748	6
749	6
750	5
751	6
752	6
753	6
754	6
755	5
756	6
757	5
758	6
759	7
760	7
761	6
762	6
763	5
764	6
765	6
766	6
767	6
768	6
769	7
770	7
771	5
772	7
773	6
774	7
775	6
776	6
777	6
778	5
779	7
780	8
781	5
782	5
783	7
784	8
785	5
786	6
787	6
788	6
789	6
790	6
791	6
792	7
793	5
794	7
795	6
796	5
797	5
798	5
799	7
800	8
801	6
802	5
803	5
804	5
805	6
806	6
807	6
808	7
809	6
810	7
811	5
812	5
813	5
814	5
815	7
816	5
817	5
818	5
819	5
820	5
821	6
822	6
823	5
824	5
825	5
826	5
827	7
828	9
829	7
830	7
831	6
832	7
833	8
834	6
835	6
836	8
837	8
838	8
839	8
840	7
841	7
842	7
843	7
844	7
845	8
846	8
847	5
848	5
849	7
850	7
851	7
852	5
853	7
854	5
855	7
856	6
857	5
858	5
859	6
860	6
861	7
862	7
863	6
864	7
865	6
866	7
867	7
868	5
869	5
870	6
871	5
872	5
873	6
874	4
875	5
876	7
877	5
878	6
879	6
880	6
881	7
882	4
883	6
884	6
885	6
886	7
887	6
888	7
889	6
890	7
891	6
892	7
893	6
894	7
895	7
896	6
897	6
898	5
899	4
900	6
901	7
902	6
903	5
904	6
905	6
906	6
907	4
908	6
909	5
910	5
911	5
912	5
913	5
914	5
915	4
916	5
917	7
918	6
919	6
920	7
921	7
922	6
923	6
924	6
925	6
926	5
927	7
928	7
929	6
930	5
931	6
932	5
933	5
934	6
935	5
936	5
937	5
938	5
939	6
940	6
941	6
942	6
943	6
944	7
945	6
946	6
947	7
948	5
949	4
950	5
951	5
952	6
953	5
954	7
955	6
956	5
957	6
958	7
959	7
960	6
961	6
962	7
963	6
964	6
965	5
966	5
967	6
968	6
969	7
970	6
971	7
972	6
973	6
974	7
975	5
976	4
977	7
978	5
979	7
980	5
981	5
982	7
983	7
984	6
985	5
986	6
987	6
988	6
989	5
990	7
991	6
992	4
993	6
994	5
995	4
996	6
997	5
998	6
999	6
1000	7
1001	6
1002	5
1003	5
1004	7
1005	6
1006	6
1007	6
1008	5
1009	5
1010	6
1011	6
1012	7
1013	6
1014	6
1015	6
1016	6
1017	6
1018	6
1019	6
1020	6
1021	7
1022	7
1023	5
1024	5
1025	6
1026	5
1027	6
1028	6
1029	7
1030	6
1031	6
1032	6
1033	6
1034	6
1035	4
1036	6
1037	5
1038	5
1039	6
1040	6
1041	7
1042	5
1043	7
1044	5
1045	6
1046	6
1047	5
1048	5
1049	5
1050	6
1051	7
1052	6
1053	6
1054	6
1055	5
1056	5
1057	6
1058	4
1059	6
1060	6
1061	7
1062	5
1063	6
1064	5
1065	6
1066	5
1067	6
1068	6
1069	5
1070	6
1071	6
1072	5
1073	7
1074	7
1075	6
1076	7
1077	6
1078	5
1079	5
1080	6
1081	7
1082	6
1083	6
1084	6
1085	7
1086	5
1087	8
1088	7
1089	6
1090	6
1091	6
1092	5
1093	7
1094	6
1095	5
1096	7
1097	6
1098	7
1099	6
1100	6
1101	6
1102	6
1103	5
1104	4
1105	5
1106	7
1107	8
1108	7
1109	6
1110	4
1111	7
1112	6
1113	6
1114	6
1115	4
1116	6
1117	5
1118	6
1119	5
1120	6
1121	6
1122	6
1123	7
1124	5
1125	7
1126	5
1127	6
1128	7
1129	5
1130	8
1131	6
1132	6
1133	5
1134	6
1135	7
1136	6
1137	8
1138	6
1139	5
1140	6
1141	6
1142	7
1143	5
1144	5
1145	5
1146	5
1147	5
1148	5
1149	7
1150	5
1151	5
1152	5
1153	7
1154	6
1155	6
1156	5
1157	6
1158	6
1159	6
1160	6
1161	6
1162	6
1163	5
1164	6
1165	5
1166	6
1167	5
1168	5
1169	7
1170	6
1171	5
1172	5
1173	6
1174	5
1175	7
1176	5
1177	7
1178	4
1179	5
1180	6
1181	5
1182	6
1183	5
1184	6
1185	7
1186	5
1187	5
1188	7
1189	6
1190	3
1191	6
1192	7
1193	6
1194	7
1195	5
1196	6
1197	7
1198	7
1199	6
1200	6
1201	6
1202	7
1203	5
1204	6
1205	6
1206	5
1207	6
1208	5
1209	7
1210	6
1211	4
1212	5
1213	6
1214	6
1215	6
1216	5
1217	8
1218	5
1219	6
1220	8
1221	6
1222	6
1223	5
1224	5
1225	7
1226	6
1227	7
1228	6
1229	6
1230	6
1231	6
1232	7
1233	7
1234	6
1235	6
1236	7
1237	6
1238	8
1239	7
1240	6
1241	5
1242	7
1243	7
1244	7
1245	5
1246	5
1247	6
1248	7
1249	7
1250	6
1251	6
1252	6
1253	6
1254	7
1255	5
1256	6
1257	6
1258	5
1259	6
1260	6
1261	5
1262	6
1263	6
1264	5
1265	5
1266	6
1267	8
1268	7
1269	5
1270	6
1271	7
1272	5
1273	5
1274	5
1275	6
1276	5
1277	7
1278	5
1279	6
1280	6
1281	6
1282	7
1283	5
1284	6
1285	7
1286	6
1287	7
1288	6
1289	6
1290	6
1291	6
1292	6
1293	6
1294	4
1295	4
1296	6
1297	6
1298	7
1299	6
1300	5
1301	6
1302	5
1303	6
1304	6
1305	5
1306	6
1307	8
1308	5
1309	5
1310	6
1311	6
1312	6
1313	6
1314	5
1315	6
1316	5
1317	6
1318	5
1319	6
1320	5
1321	6
1322	6
1323	6
1324	6
1325	5
1326	7
1327	5
1328	6
1329	6
1330	5
1331	6
1332	5
1333	5
1334	6
1335	6
1336	6
1337	8
1338	5
1339	5
1340	6
1341	6
1342	5
1343	6
1344	5
1345	7
1346	8
1347	7
1348	7
1349	8
1350	4
1351	7
1352	6
1353	6
1354	5
1355	5
1356	5
1357	6
1358	6
1359	5
1360	7
1361	6
1362	7
1363	7
1364	4
1365	5
1366	6
1367	6
1368	5
1369	6
1370	6
1371	6
1372	5
1373	6
1374	6
1375	6
1376	7
1377	6
1378	6
1379	7
1380	5
1381	5
1382	7
1383	6
1384	6
1385	6
1386	4
1387	7
1388	6
1389	7
1390	6
1391	5
1392	6
1393	6
1394	6
1395	7
1396	7
1397	7
1398	7
1399	7
1400	6
1401	7
1402	5
1403	6
1404	6
1405	7
1406	5
1407	7
1408	6
1409	7
1410	4
1411	8
1412	6
1413	8
1414	6
1415	6
1416	5
1417	6
1418	5
1419	6
1420	6
1421	6
1422	6
1423	6
1424	4
1425	6
1426	6
1427	6
1428	5
1429	7
1430	5
1431	6
1432	5
1433	7
1434	6
1435	5
1436	5
1437	5
1438	7
1439	6
1440	5
1441	5
1442	6
1443	5
1444	5
1445	6
1446	6
1447	6
1448	6
1449	6
1450	6
1451	6
1452	5
1453	6
1454	7
1455	6
1456	5
1457	6
1458	6
1459	7
1460	6
1461	6
1462	6
1463	6
1464	6
1465	7
1466	6
1467	6
1468	7
1469	6
1470	5
1471	7
1472	6
1473	5
1474	6
1475	4
1476	6
1477	6
1478	6
1479	5
1480	6
1481	6
1482	6
1483	6
1484	4
1485	5
1486	6
1487	6
1488	6
1489	5
1490	5
1491	6
1492	5
1493	6
1494	5
1495	5
1496	5
1497	5
1498	6
1499	6
1500	6
1501	7
1502	5
1503	5
1504	6
1505	5
1506	7
1507	5
1508	6
1509	5
1510	5
1511	5
1512	7
1513	5
1514	6
1515	7
1516	6
1517	6
1518	5
1519	6
1520	5
1521	6
1522	5
1523	5
1524	5
1525	6
1526	5
1527	6
1528	6
1529	6
1530	6
1531	5
1532	7
1533	6
1534	6
1535	6
1536	6
1537	5
1538	5
1539	6
1540	6
1541	6
1542	5
1543	6
1544	6
1545	5
1546	6
1547	6
1548	5
1549	6
1550	6
1551	6
1552	6
1553	6
1554	7
1555	8
1556	6
1557	5
1558	6
1559	5
1560	7
1561	6
1562	5
1563	7
1564	6
1565	5
1566	7
1567	5
1568	5
1569	6
1570	6
1571	5
1572	6
1573	6
1574	5
1575	4
1576	6
1577	7
1578	6
1579	5
1580	7
1581	5
1582	6
1583	6
1584	5
1585	6
1586	5
1587	6
1588	6
1589	5
1590	6
1591	6
1592	5
1593	6
1594	6
1595	6
1596	6
1597	5
1598	6
1599	5
1600	6
1601	6
1602	5
1603	7
1604	7
1605	6
1606	6
1607	6
1608	5
1609	5
1610	7
1611	6
1612	5
1613	7
1614	7
1615	5
1616	6
1617	6
1618	6
1619	6
1620	6
1621	7
1622	5
1623	6
1624	6
1625	7
1626	6
1627	5
1628	5
1629	6
1630	6
1631	5
1632	6
1633	6
1634	6
1635	6
1636	6
1637	5
1638	6
1639	5
1640	6
1641	5
1642	6
1643	7
1644	6
1645	7
1646	6
1647	6
1648	7
1649	5
1650	7
1651	7
1652	7
1653	4
1654	6
1655	5
1656	7
1657	7
1658	7
1659	5
1660	5
1661	5
1662	6
1663	7
1664	6
1665	6
1666	6
1667	6
1668	6
1669	7
1670	5
1671	5
1672	7
1673	6
1674	6
1675	6
1676	5
1677	7
1678	6
1679	6
1680	5
1681	7
1682	6
1683	7
1684	7
1685	7
1686	7
1687	5
1688	7
1689	3
1690	6
1691	5
1692	7
1693	6
1694	5
1695	6
1696	5
1697	6
1698	6
1699	6
1700	6
1701	6
1702	6
1703	5
1704	7
1705	5
1706	7
1707	6
1708	5
1709	4
1710	5
1711	5
1712	6
1713	5
1714	6
1715	5
1716	8
1717	6
1718	6
1719	5
1720	6
1721	7
1722	5
1723	5
1724	8
1725	6
1726	6
1727	7
1728	5
1729	5
1730	7
1731	6
1732	5
1733	5
1734	6
1735	6
1736	6
1737	5
1738	6
1739	5
1740	3
1741	6
1742	6
1743	6
1744	6
1745	7
1746	6
1747	7
1748	6
1749	7
1750	6
1751	6
1752	7
1753	5
1754	6
1755	6
1756	6
1757	5
1758	5
1759	5
1760	5
1761	6
1762	6
1763	7
1764	6
1765	5
1766	5
1767	5
1768	7
1769	5
1770	7
1771	6
1772	6
1773	6
1774	6
1775	6
1776	7
1777	5
1778	6
1779	8
1780	8
1781	5
1782	5
1783	6
1784	6
1785	7
1786	6
1787	6
1788	6
1789	8
1790	7
1791	5
1792	5
1793	6
1794	6
1795	6
1796	6
1797	7
1798	7
1799	6
1800	6
1801	6
1802	4
1803	6
1804	6
1805	6
1806	5
1807	5
1808	6
1809	5
1810	6
1811	6
1812	5
1813	6
1814	8
1815	7
1816	6
1817	7
1818	6
1819	7
1820	5
1821	6
1822	6
1823	7
1824	6
1825	5
1826	5
1827	5
1828	6
1829	6
1830	7
1831	7
1832	7
1833	7
1834	7
1835	6
1836	6
1837	6
1838	7
1839	6
1840	6
1841	5
1842	7
1843	5
1844	7
1845	6
1846	5
1847	5
1848	5
1849	6
1850	6
1851	5
1852	6
1853	7
1854	5
1855	6
1856	6
1857	7
1858	5
1859	5
1860	6
1861	6
1862	5
1863	5
1864	6
1865	6
1866	7
1867	5
1868	6
1869	7
1870	6
1871	6
1872	6
1873	5
1874	5
1875	6
1876	5
1877	6
1878	6
1879	5
1880	6
1881	5
1882	6
1883	5
1884	5
1885	6
1886	6
1887	6
1888	5
1889	5
1890	6
1891	5
1892	5
1893	5
1894	5
1895	5
1896	6
1897	6
1898	6
1899	5
1900	7
1901	5
1902	5
1903	5
1904	6
1905	6
1906	6
1907	5
1908	7
1909	7
1910	5
1911	5
1912	6
1913	6
1914	6
1915	7
1916	7
1917	5
1918	6
1919	6
1920	6
1921	6
1922	5
1923	5
1924	5
1925	4
1926	6
1927	4
1928	5
1929	6
1930	5
1931	6
1932	4
1933	6
1934	5
1935	6
1936	5
1937	6
1938	6
1939	6
1940	5
1941	5
1942	5
1943	5
1944	5
1945	5
1946	6
1947	5
1948	5
1949	7
1950	6
1951	5
1952	3
1953	7
1954	6
1955	5
1956	7
1957	5
1958	6
1959	6
1960	5
1961	5
1962	7
1963	5
1964	6
1965	5
1966	6
1967	4
1968	5
1969	6
1970	7
1971	7
1972	7
1973	5
1974	5
1975	5
1976	5
1977	6
1978	7
1979	7
1980	5
1981	8
1982	8
1983	8
1984	8
1985	8
1986	6
1987	6
1988	6
1989	6
1990	7
1991	4
1992	8
1993	7
1994	6
1995	6
1996	6
1997	6
1998	6
1999	6
2000	6
2001	5
2002	5
2003	5
2004	6
2005	6
2006	6
2007	6
2008	7
2009	5
2010	7
2011	6
2012	5
2013	6
2014	6
2015	5
2016	6
2017	7
2018	5
2019	6
2020	6
2021	6
2022	6
2023	6
2024	6
2025	5
2026	5
2027	5
2028	5
2029	6
2030	6
2031	5
2032	5
2033	7
2034	5
2035	5
2036	5
2037	6
2038	5
2039	5
2040	5
2041	6
2042	5
2043	5
2044	6
2045	5
2046	5
2047	6
2048	5
2049	5
2050	5
2051	5
2052	5
2053	5
2054	5
2055	5
2056	6
2057	5
2058	6
2059	5
2060	6
2061	5
2062	6
2063	6
2064	5
2065	6
2066	6
2067	6
2068	5
2069	6
2070	7
2071	5
2072	6
2073	5
2074	5
2075	6
2076	5
2077	5
2078	6
2079	6
2080	5
2081	5
2082	5
2083	6
2084	5
2085	6
2086	6
2087	5
2088	6
2089	6
2090	6
2091	5
2092	5
2093	5
2094	5
2095	5
2096	5
2097	5
2098	5
2099	6
2100	5
2101	5
2102	6
2103	6
2104	5
2105	5
2106	5
2107	6
2108	6
2109	6
2110	6
2111	5
2112	5
2113	5
2114	7
2115	6
2116	5
2117	7
2118	5
2119	7
2120	5
2121	5
2122	7
2123	5
2124	5
2125	7
2126	5
2127	5
2128	5
2129	6
2130	7
2131	5
2132	6
2133	6
2134	6
2135	6
2136	5
2137	6
2138	5
2139	5
2140	5
2141	5
2142	5
2143	5
2144	7
2145	6
2146	6
2147	6
2148	8
2149	5
2150	6
2151	6
2152	5
2153	5
2154	6
2155	6
2156	6
2157	5
2158	6
2159	6
2160	5
2161	6
2162	6
2163	6
2164	6
2165	5
2166	5
2167	5
2168	7
2169	7
2170	7
2171	7
2172	7
2173	5
2174	5
2175	7
2176	5
2177	5
2178	6
2179	5
2180	6
2181	6
2182	6
2183	5
2184	6
2185	6
2186	6
2187	5
2188	5
2189	6
2190	6
2191	6
2192	5
2193	6
2194	6
2195	6
2196	5
2197	6
2198	6
2199	5
2200	6
2201	5
2202	5
2203	5
2204	6
2205	5
2206	5
2207	6
2208	7
2209	5
2210	6
2211	5
2212	5
2213	6
2214	5
2215	5
2216	6
2217	6
2218	6
2219	5
2220	6
2221	7
2222	6
2223	7
2224	6
2225	7
2226	7
2227	5
2228	5
2229	7
2230	6
2231	7
2232	6
2233	6
2234	5
2235	6
2236	6
2237	5
2238	4
2239	6
2240	6
2241	6
2242	5
2243	5
2244	5
2245	4
2246	5
2247	4
2248	6
2249	5
2250	5
2251	6
2252	7
2253	5
2254	5
2255	6
2256	6
2257	5
2258	6
2259	5
2260	6
2261	5
2262	6
2263	5
2264	5
2265	6
2266	5
2267	5
2268	6
2269	6
2270	6
2271	7
2272	5
2273	6
2274	6
2275	7
2276	6
2277	6
2278	6
2279	6
2280	5
2281	6
2282	6
2283	5
2284	5
2285	5
2286	5
2287	5
2288	5
2289	5
2290	7
2291	7
2292	7
2293	5
2294	7
2295	7
2296	6
2297	6
2298	6
2299	7
2300	7
2301	7
2302	5
2303	5
2304	5
2305	6
2306	7
2307	6
2308	5
2309	5
2310	5
2311	5
2312	7
2313	5
2314	7
2315	6
2316	6
2317	7
2318	6
2319	6
2320	6
2321	6
2322	5
2323	6
2324	5
2325	5
2326	6
2327	5
2328	6
2329	5
2330	5
2331	5
2332	5
2333	6
2334	6
2335	3
2336	7
2337	5
2338	5
2339	5
2340	6
2341	6
2342	5
2343	8
2344	6
2345	6
2346	6
2347	5
2348	6
2349	4
2350	5
2351	5
2352	5
2353	6
2354	6
2355	6
2356	6
2357	6
2358	6
2359	5
2360	6
2361	6
2362	5
2363	6
2364	6
2365	6
2366	5
2367	5
2368	5
2369	6
2370	7
2371	6
2372	6
2373	4
2374	5
2375	6
2376	7
2377	6
2378	6
2379	6
2380	4
2381	5
2382	6
2383	8
2384	6
2385	8
2386	5
2387	4
2388	5
2389	4
2390	7
2391	8
2392	6
2393	6
2394	6
2395	5
2396	5
2397	5
2398	6
2399	6
2400	6
2401	5
2402	7
2403	6
2404	6
2405	5
2406	5
2407	7
2408	6
2409	5
2410	4
2411	6
2412	6
2413	6
2414	4
2415	5
2416	6
2417	6
2418	5
2419	5
2420	5
2421	7
2422	5
2423	5
2424	6
2425	5
2426	6
2427	6
2428	6
2429	6
2430	6
2431	5
2432	5
2433	5
2434	5
2435	5
2436	6
2437	5
2438	6
2439	5
2440	6
2441	6
2442	6
2443	5
2444	5
2445	5
2446	5
2447	5
2448	6
2449	6
2450	6
2451	5
2452	5
2453	6
2454	7
2455	5
2456	6
2457	6
2458	6
2459	6
2460	5
2461	5
2462	5
2463	5
2464	6
2465	5
2466	6
2467	5
2468	5
2469	7
2470	6
2471	6
2472	7
2473	5
2474	8
2475	7
2476	5
2477	7
2478	7
2479	6
2480	6
2481	5
2482	5
2483	5
2484	6
2485	5
2486	6
2487	6
2488	6
2489	6
2490	6
2491	5
2492	5
2493	6
2494	4
2495	4
2496	5
2497	5
2498	5
2499	5
2500	6
2501	5
2502	5
2503	4
2504	4
2505	6
2506	6
2507	6
2508	7
2509	6
2510	6
2511	5
2512	6
2513	6
2514	5
2515	6
2516	7
2517	6
2518	6
2519	7
2520	5
2521	5
2522	7
2523	8
2524	6
2525	5
2526	8
2527	7
2528	6
2529	6
2530	5
2531	6
2532	4
2533	4
2534	7
2535	6
2536	6
2537	6
2538	6
2539	6
2540	6
2541	5
2542	6
2543	5
2544	6
2545	5
2546	6
2547	7
2548	5
2549	6
2550	5
2551	5
2552	6
2553	5
2554	7
2555	7
2556	7
2557	5
2558	7
2559	7
2560	5
2561	6
2562	6
2563	6
2564	5
2565	6
2566	5
2567	6
2568	5
2569	6
2570	6
2571	5
2572	6
2573	5
2574	5
2575	7
2576	6
2577	5
2578	6
2579	6
2580	6
2581	5
2582	7
2583	7
2584	7
2585	7
2586	7
2587	7
2588	6
2589	7
2590	4
2591	7
2592	5
2593	6
2594	6
2595	8
2596	6
2597	5
2598	6
2599	5
2600	6
2601	7
2602	5
2603	6
2604	7
2605	7
2606	6
2607	5
2608	7
2609	6
2610	6
2611	6
2612	5
2613	7
2614	5
2615	5
2616	7
2617	7
2618	7
2619	7
2620	7
2621	5
2622	5
2623	7
2624	7
2625	5
2626	7
2627	7
2628	5
2629	6
2630	6
2631	6
2632	6
2633	6
2634	5
2635	5
2636	7
2637	5
2638	5
2639	7
2640	6
2641	6
2642	5
2643	7
2644	5
2645	6
2646	7
2647	7
2648	6
2649	6
2650	6
2651	5
2652	5
2653	7
2654	6
2655	6
2656	6
2657	5
2658	7
2659	6
2660	7
2661	6
2662	6
2663	6
2664	6
2665	7
2666	5
2667	7
2668	5
2669	7
2670	5
2671	7
2672	7
2673	7
2674	6
2675	7
2676	7
2677	6
2678	5
2679	5
2680	6
2681	6
2682	6
2683	6
2684	5
2685	7
2686	7
2687	6
2688	6
2689	6
2690	6
2691	6
2692	6
2693	6
2694	5
2695	6
2696	6
2697	6
2698	6
2699	6
2700	6
2701	6
2702	5
2703	5
2704	5
2705	6
2706	6
2707	6
2708	5
2709	6
2710	5
2711	5
2712	4
2713	5
2714	6
2715	5
2716	5
2717	5
2718	6
2719	6
2720	6
2721	6
2722	7
2723	7
2724	6
2725	6
2726	5
2727	6
2728	6
2729	6
2730	7
2731	5
2732	5
2733	5
2734	7
2735	6
2736	6
2737	6
2738	6
2739	5
2740	7
2741	6
2742	5
2743	7
2744	6
2745	6
2746	7
2747	6
2748	6
2749	8
2750	6
2751	8
2752	6
2753	6
2754	8
2755	5
2756	5
2757	6
2758	6
2759	6
2760	5
2761	5
2762	6
2763	5
2764	6
2765	6
2766	6
2767	7
2768	6
2769	6
2770	5
2771	7
2772	7
2773	7
2774	7
2775	8
2776	8
2777	8
2778	6
2779	7
2780	5
2781	6
2782	6
2783	6
2784	6
2785	6
2786	5
2787	6
2788	5
2789	5
2790	5
2791	6
2792	5
2793	5
2794	7
2795	5
2796	8
2797	7
2798	5
2799	6
2800	7
2801	5
2802	5
2803	8
2804	8
2805	8
2806	6
2807	5
2808	6
2809	5
2810	7
2811	7
2812	5
2813	6
2814	7
2815	7
2816	5
2817	5
2818	7
2819	6
2820	6
2821	6
2822	5
2823	6
2824	6
2825	5
2826	6
2827	6
2828	7
2829	7
2830	5
2831	6
2832	5
2833	7
2834	7
2835	6
2836	6
2837	6
2838	6
2839	7
2840	7
2841	7
2842	6
2843	6
2844	6
2845	5
2846	5
2847	7
2848	7
2849	5
2850	5
2851	5
2852	5
2853	5
2854	6
2855	6
2856	7
2857	7
2858	8
2859	7
2860	5
2861	6
2862	6
2863	6
2864	6
2865	6
2866	6
2867	7
2868	7
2869	5
2870	7
2871	7
2872	6
2873	6
2874	6
2875	5
2876	6
2877	5
2878	7
2879	7
2880	7
2881	4
2882	6
2883	5
2884	7
2885	7
2886	6
2887	5
2888	6
2889	5
2890	6
2891	6
2892	7
2893	5
2894	7
2895	7
2896	5
2897	6
2898	5
2899	7
2900	5
2901	6
2902	7
2903	5
2904	6
2905	7
2906	6
2907	5
2908	6
2909	6
2910	6
2911	5
2912	5
2913	7
2914	5
2915	6
2916	6
2917	6
2918	7
2919	6
2920	6
2921	5
2922	6
2923	7
2924	6
2925	6
2926	5
2927	8
2928	7
2929	7
2930	6
2931	7
2932	8
2933	6
2934	6
2935	5
2936	4
2937	5
2938	5
2939	8
2940	8
2941	6
2942	5
2943	5
2944	8
2945	6
2946	8
2947	6
2948	6
2949	6
2950	6
2951	5
2952	5
2953	5
2954	5
2955	7
2956	7
2957	6
2958	6
2959	5
2960	7
2961	5
2962	6
2963	5
2964	7
2965	5
2966	8
2967	6
2968	6
2969	5
2970	6
2971	5
2972	5
2973	7
2974	6
2975	6
2976	6
2977	7
2978	6
2979	6
2980	7
2981	7
2982	7
2983	6
2984	7
2985	4
2986	7
2987	7
2988	7
2989	7
2990	6
2991	7
2992	7
2993	7
2994	7
2995	7
2996	6
2997	6
2998	5
2999	7
3000	7
3001	7
3002	7
3003	7
3004	7
3005	6
3006	6
3007	6
3008	7
3009	7
3010	5
3011	6
3012	8
3013	6
3014	6
3015	6
3016	6
3017	6
3018	5
3019	7
3020	6
3021	6
3022	4
3023	6
3024	6
3025	6
3026	7
3027	6
3028	5
3029	6
3030	8
3031	8
3032	6
3033	6
3034	6
3035	6
3036	5
3037	7
3038	6
3039	5
3040	6
3041	6
3042	6
3043	6
3044	6
3045	6
3046	6
3047	7
3048	6
3049	7
3050	5
3051	4
3052	5
3053	6
3054	6
3055	6
3056	7
3057	5
3058	7
3059	5
3060	6
3061	5
3062	5
3063	8
3064	5
3065	5
3066	6
3067	5
3068	6
3069	6
3070	5
3071	8
3072	6
3073	6
3074	7
3075	6
3076	7
3077	6
3078	5
3079	8
3080	7
3081	6
3082	5
3083	6
3084	7
3085	6
3086	6
3087	7
3088	4
3089	6
3090	7
3091	6
3092	5
3093	6
3094	7
3095	6
3096	6
3097	7
3098	7
3099	6
3100	7
3101	5
3102	6
3103	6
3104	7
3105	5
3106	7
3107	6
3108	6
3109	7
3110	5
3111	6
3112	7
3113	5
3114	6
3115	6
3116	6
3117	6
3118	7
3119	7
3120	6
3121	6
3122	5
3123	6
3124	5
3125	6
3126	6
3127	6
3128	5
3129	6
3130	6
3131	5
3132	5
3133	6
3134	6
3135	8
3136	6
3137	5
3138	6
3139	6
3140	6
3141	6
3142	4
3143	6
3144	5
3145	6
3146	6
3147	6
3148	6
3149	6
3150	6
3151	6
3152	6
3153	5
3154	6
3155	6
3156	7
3157	5
3158	7
3159	7
3160	5
3161	6
3162	5
3163	7
3164	7
3165	6
3166	6
3167	6
3168	6
3169	7
3170	6
3171	7
3172	6
3173	6
3174	8
3175	8
3176	5
3177	6
3178	5
3179	6
3180	6
3181	6
3182	6
3183	5
3184	6
3185	6
3186	6
3187	5
3188	7
3189	6
3190	6
3191	6
3192	6
3193	6
3194	5
3195	4
3196	6
3197	7
3198	6
3199	7
3200	7
3201	6
3202	6
3203	7
3204	7
3205	5
3206	6
3207	7
3208	6
3209	5
3210	6
3211	5
3212	6
3213	7
3214	6
3215	6
3216	6
3217	5
3218	5
3219	5
3220	7
3221	4
3222	6
3223	7
3224	6
3225	6
3226	7
3227	6
3228	6
3229	6
3230	6
3231	6
3232	6
3233	6
3234	7
3235	6
3236	6
3237	7
3238	7
3239	5
3240	7
3241	7
3242	7
3243	6
3244	7
3245	8
3246	5
3247	7
3248	7
3249	7
3250	7
3251	7
3252	6
3253	8
3254	7
3255	6
3256	6
3257	6
3258	6
3259	6
3260	6
3261	6
3262	5
3263	6
3264	7
3265	6
3266	6
3267	6
3268	6
3269	7
3270	5
3271	5
3272	7
3273	7
3274	7
3275	5
3276	4
3277	8
3278	6
3279	5
3280	6
3281	5
3282	6
3283	6
3284	6
3285	7
3286	7
3287	7
3288	7
3289	6
3290	5
3291	5
3292	8
3293	5
3294	7
3295	6
3296	5
3297	5
3298	5
3299	6
3300	7
3301	5
3302	8
3303	7
3304	7
3305	7
3306	6
3307	7
3308	3
3309	6
3310	7
3311	7
3312	7
3313	7
3314	6
3315	6
3316	7
3317	6
3318	8
3319	6
3320	7
3321	5
3322	7
3323	6
3324	6
3325	5
3326	6
3327	5
3328	7
3329	6
3330	6
3331	6
3332	6
3333	6
3334	5
3335	6
3336	6
3337	6
3338	6
3339	6
3340	6
3341	6
3342	6
3343	5
3344	6
3345	6
3346	6
3347	6
3348	5
3349	6
3350	6
3351	6
3352	6
3353	6
3354	6
3355	7
3356	6
3357	6
3358	7
3359	6
3360	6
3361	6
3362	6
3363	6
3364	6
3365	6
3366	7
3367	6
3368	6
3369	6
3370	6
3371	6
3372	6
3373	6
3374	6
3375	6
3376	8
3377	6
3378	6
3379	8
3380	5
3381	7
3382	7
3383	7
3384	6
3385	6
3386	6
3387	8
3388	5
3389	6
3390	6
3391	6
3392	6
3393	7
3394	7
3395	5
3396	6
3397	6
3398	5
3399	5
3400	6
3401	6
3402	8
3403	6
3404	7
3405	6
3406	5
3407	6
3408	5
3409	5
3410	6
3411	7
3412	6
3413	6
3414	6
3415	7
3416	7
3417	6
3418	6
3419	6
3420	7
3421	5
3422	7
3423	7
3424	5
3425	6
3426	6
3427	6
3428	5
3429	6
3430	5
3431	6
3432	6
3433	7
3434	7
3435	6
3436	6
3437	6
3438	5
3439	5
3440	5
3441	6
3442	6
3443	7
3444	6
3445	5
3446	8
3447	6
3448	6
3449	7
3450	8
3451	7
3452	7
3453	6
3454	6
3455	5
3456	6
3457	7
3458	5
3459	6
3460	6
3461	6
3462	8
3463	6
3464	7
3465	5
3466	6
3467	6
3468	5
3469	6
3470	6
3471	8
3472	6
3473	6
3474	8
3475	6
3476	6
3477	8
3478	7
3479	6
3480	7
3481	8
3482	5
3483	6
3484	7
3485	8
3486	7
3487	6
3488	6
3489	6
3490	6
3491	7
3492	6
3493	7
3494	7
3495	6
3496	7
3497	7
3498	5
3499	6
3500	7
3501	7
3502	6
3503	5
3504	7
3505	7
3506	6
3507	6
3508	7
3509	5
3510	6
3511	6
3512	7
3513	6
3514	3
3515	7
3516	7
3517	7
3518	7
3519	5
3520	6
3521	5
3522	7
3523	5
3524	5
3525	6
3526	6
3527	6
3528	6
3529	7
3530	7
3531	5
3532	5
3533	5
3534	7
3535	5
3536	5
3537	5
3538	6
3539	7
3540	6
3541	7
3542	6
3543	6
3544	6
3545	6
3546	6
3547	6
3548	6
3549	6
3550	6
3551	8
3552	6
3553	6
3554	6
3555	6
3556	6
3557	6
3558	6
3559	6
3560	4
3561	6
3562	5
3563	6
3564	5
3565	6
3566	6
3567	6
3568	6
3569	5
3570	6
3571	6
3572	4
3573	6
3574	6
3575	6
3576	7
3577	5
3578	7
3579	5
3580	7
3581	6
3582	7
3583	6
3584	6
3585	7
3586	5
3587	7
3588	6
3589	6
3590	6
3591	7
3592	5
3593	7
3594	7
3595	6
3596	7
3597	7
3598	6
3599	5
3600	6
3601	6
3602	7
3603	6
3604	7
3605	6
3606	5
3607	5
3608	6
3609	6
3610	6
3611	5
3612	6
3613	7
3614	6
3615	5
3616	6
3617	5
3618	5
3619	7
3620	6
3621	8
3622	7
3623	6
3624	6
3625	6
3626	5
3627	5
3628	5
3629	6
3630	6
3631	6
3632	6
3633	5
3634	6
3635	6
3636	6
3637	7
3638	6
3639	7
3640	6
3641	6
3642	6
3643	6
3644	6
3645	7
3646	6
3647	5
3648	6
3649	5
3650	6
3651	4
3652	6
3653	6
3654	6
3655	6
3656	7
3657	7
3658	6
3659	6
3660	8
3661	8
3662	6
3663	7
3664	6
3665	6
3666	8
3667	6
3668	8
3669	5
3670	6
3671	6
3672	7
3673	7
3674	7
3675	6
3676	6
3677	7
3678	6
3679	5
3680	7
3681	6
3682	8
3683	7
3684	6
3685	7
3686	6
3687	5
3688	8
3689	6
3690	8
3691	6
3692	7
3693	7
3694	7
3695	5
3696	7
3697	7
3698	6
3699	6
3700	5
3701	5
3702	5
3703	6
3704	6
3705	6
3706	6
3707	7
3708	6
3709	5
3710	7
3711	5
3712	6
3713	5
3714	5
3715	6
3716	6
3717	5
3718	6
3719	5
3720	5
3721	7
3722	5
3723	7
3724	7
3725	6
3726	5
3727	6
3728	7
3729	8
3730	5
3731	6
3732	6
3733	5
3734	6
3735	5
3736	6
3737	7
3738	6
3739	7
3740	7
3741	7
3742	7
3743	7
3744	7
3745	7
3746	7
3747	7
3748	5
3749	7
3750	7
3751	7
3752	5
3753	5
3754	5
3755	8
3756	6
3757	5
3758	5
3759	5
3760	6
3761	7
3762	6
3763	6
3764	6
3765	8
3766	5
3767	5
3768	5
3769	6
3770	5
3771	6
3772	8
3773	6
3774	5
3775	5
3776	6
3777	6
3778	6
3779	7
3780	7
3781	5
3782	7
3783	6
3784	5
3785	6
3786	5
3787	5
3788	5
3789	5
3790	6
3791	5
3792	5
3793	6
3794	6
3795	5
3796	6
3797	6
3798	5
3799	5
3800	5
3801	5
3802	6
3803	5
3804	6
3805	5
3806	6
3807	5
3808	5
3809	3
3810	6
3811	5
3812	6
3813	5
3814	5
3815	7
3816	7
3817	5
3818	6
3819	6
3820	6
3821	7
3822	6
3823	6
3824	5
3825	5
3826	6
3827	6
3828	5
3829	6
3830	7
3831	7
3832	5
3833	5
3834	6
3835	5
3836	5
3837	6
3838	6
3839	5
3840	5
3841	6
3842	5
3843	6
3844	6
3845	6
3846	5
3847	6
3848	5
3849	6
3850	6
3851	6
3852	7
3853	6
3854	6
3855	7
3856	6
3857	6
3858	6
3859	6
3860	5
3861	5
3862	6
3863	6
3864	6
3865	7
3866	6
3867	6
3868	5
3869	8
3870	6
3871	6
3872	6
3873	6
3874	5
3875	5
3876	6
3877	5
3878	7
3879	5
3880	4
3881	6
3882	6
3883	5
3884	6
3885	6
3886	6
3887	6
3888	6
3889	6
3890	6
3891	6
3892	5
3893	5
3894	5
3895	6
3896	6
3897	6
3898	6
3899	7
3900	5
3901	5
3902	5
3903	7
3904	6
3905	7
3906	7
3907	7
3908	7
3909	7
3910	7
3911	6
3912	6
3913	7
3914	6
3915	7
3916	7
3917	6
3918	5
3919	9
3920	6
3921	6
3922	5
3923	7
3924	5
3925	5
3926	6
3927	6
3928	7
3929	5
3930	5
3931	6
3932	6
3933	6
3934	4
3935	6
3936	5
3937	6
3938	5
3939	6
3940	6
3941	5
3942	5
3943	6
3944	6
3945	6
3946	6
3947	6
3948	7
3949	6
3950	5
3951	5
3952	5
3953	6
3954	7
3955	5
3956	6
3957	5
3958	5
3959	6
3960	6
3961	6
3962	5
3963	6
3964	6
3965	5
3966	7
3967	6
3968	4
3969	6
3970	6
3971	5
3972	6
3973	6
3974	4
3975	6
3976	7
3977	7
3978	6
3979	6
3980	6
3981	6
3982	7
3983	7
3984	6
3985	7
3986	6
3987	6
3988	6
3989	6
3990	6
3991	6
3992	6
3993	7
3994	7
3995	7
3996	5
3997	7
3998	7
3999	6
4000	6
4001	6
4002	5
4003	6
4004	6
4005	6
4006	6
4007	6
4008	5
4009	6
4010	6
4011	6
4012	7
4013	6
4014	6
4015	6
4016	5
4017	5
4018	6
4019	6
4020	5
4021	4
4022	5
4023	5
4024	6
4025	6
4026	6
4027	6
4028	5
4029	7
4030	7
4031	6
4032	5
4033	5
4034	6
4035	5
4036	6
4037	5
4038	5
4039	5
4040	4
4041	5
4042	5
4043	7
4044	7
4045	7
4046	7
4047	7
4048	6
4049	6
4050	6
4051	7
4052	6
4053	5
4054	7
4055	7
4056	6
4057	5
4058	6
4059	6
4060	6
4061	5
4062	5
4063	8
4064	6
4065	5
4066	7
4067	6
4068	6
4069	6
4070	6
4071	6
4072	6
4073	6
4074	5
4075	6
4076	6
4077	5
4078	6
4079	6
4080	6
4081	6
4082	6
4083	6
4084	5
4085	6
4086	7
4087	6
4088	7
4089	6
4090	6
4091	6
4092	6
4093	6
4094	6
4095	7
4096	6
4097	5
4098	6
4099	6
4100	6
4101	5
4102	5
4103	5
4104	7
4105	7
4106	6
4107	6
4108	5
4109	6
4110	6
4111	7
4112	6
4113	8
4114	6
4115	6
4116	7
4117	6
4118	6
4119	6
4120	7
4121	7
4122	5
4123	6
4124	6
4125	6
4126	5
4127	5
4128	5
4129	5
4130	7
4131	6
4132	5
4133	5
4134	6
4135	6
4136	5
4137	8
4138	5
4139	6
4140	7
4141	6
4142	6
4143	6
4144	6
4145	6
4146	6
4147	6
4148	7
4149	6
4150	7
4151	5
4152	6
4153	6
4154	5
4155	5
4156	5
4157	5
4158	7
4159	7
4160	7
4161	7
4162	7
4163	7
4164	7
4165	7
4166	6
4167	6
4168	7
4169	6
4170	7
4171	7
4172	5
4173	6
4174	5
4175	6
4176	5
4177	6
4178	6
4179	6
4180	5
4181	6
4182	6
4183	6
4184	7
4185	7
4186	5
4187	6
4188	6
4189	6
4190	5
4191	6
4192	6
4193	6
4194	6
4195	6
4196	6
4197	6
4198	5
4199	5
4200	6
4201	7
4202	6
4203	7
4204	5
4205	6
4206	6
4207	6
4208	7
4209	7
4210	6
4211	6
4212	6
4213	5
4214	4
4215	5
4216	5
4217	5
4218	4
4219	6
4220	5
4221	7
4222	7
4223	4
4224	4
4225	7
4226	5
4227	7
4228	5
4229	7
4230	6
4231	5
4232	6
4233	6
4234	6
4235	6
4236	5
4237	5
4238	7
4239	5
4240	7
4241	6
4242	6
4243	7
4244	6
4245	5
4246	5
4247	6
4248	6
4249	6
4250	6
4251	6
4252	6
4253	6
4254	6
4255	7
4256	5
4257	5
4258	6
4259	6
4260	6
4261	6
4262	7
4263	6
4264	6
4265	6
4266	6
4267	7
4268	5
4269	5
4270	6
4271	6
4272	5
4273	6
4274	6
4275	6
4276	6
4277	7
4278	5
4279	5
4280	7
4281	6
4282	5
4283	5
4284	6
4285	6
4286	6
4287	6
4288	5
4289	6
4290	7
4291	5
4292	5
4293	6
4294	5
4295	6
4296	5
4297	6
4298	7
4299	5
4300	6
4301	5
4302	7
4303	6
4304	6
4305	6
4306	6
4307	6
4308	6
4309	6
4310	6
4311	6
4312	8
4313	6
4314	6
4315	7
4316	7
4317	5
4318	7
4319	7
4320	7
4321	5
4322	5
4323	7
4324	6
4325	6
4326	5
4327	5
4328	5
4329	6
4330	5
4331	5
4332	5
4333	8
4334	8
4335	8
4336	8
4337	8
4338	8
4339	8
4340	8
4341	8
4342	6
4343	6
4344	6
4345	6
4346	6
4347	6
4348	5
4349	6
4350	5
4351	6
4352	6
4353	5
4354	6
4355	6
4356	6
4357	5
4358	6
4359	5
4360	6
4361	5
4362	6
4363	6
4364	5
4365	6
4366	5
4367	7
4368	5
4369	6
4370	6
4371	6
4372	5
4373	6
4374	7
4375	5
4376	6
4377	5
4378	6
4379	5
4380	5
4381	6
4382	6
4383	6
4384	6
4385	5
4386	5
4387	6
4388	6
4389	6
4390	7
4391	5
4392	6
4393	5
4394	6
4395	6
4396	5
4397	5
4398	5
4399	5
4400	5
4401	5
4402	6
4403	5
4404	6
4405	5
4406	5
4407	7
4408	5
4409	5
4410	7
4411	5
4412	7
4413	7
4414	7
4415	7
4416	6
4417	5
4418	6
4419	6
4420	6
4421	6
4422	6
4423	6
4424	6
4425	6
4426	6
4427	6
4428	6
4429	6
4430	6
4431	5
4432	4
4433	6
4434	6
4435	6
4436	6
4437	6
4438	6
4439	7
4440	5
4441	5
4442	6
4443	5
4444	5
4445	6
4446	6
4447	6
4448	6
4449	6
4450	6
4451	6
4452	5
4453	5
4454	6
4455	6
4456	5
4457	5
4458	5
4459	6
4460	5
4461	6
4462	6
4463	6
4464	9
4465	5
4466	5
4467	6
4468	5
4469	6
4470	6
4471	7
4472	7
4473	5
4474	5
4475	7
4476	6
4477	6
4478	5
4479	5
4480	5
4481	5
4482	5
4483	6
4484	5
4485	5
4486	6
4487	6
4488	6
4489	6
4490	6
4491	6
4492	6
4493	7
4494	6
4495	6
4496	5
4497	6
4498	6
4499	5
4500	5
4501	6
4502	6
4503	6
4504	7
4505	6
4506	5
4507	7
4508	6
4509	7
4510	5
4511	7
4512	6
4513	6
4514	7
4515	6
4516	6
4517	7
4518	6
4519	6
4520	6
4521	5
4522	6
4523	6
4524	5
4525	6
4526	6
4527	5
4528	6
4529	6
4530	5
4531	6
4532	6
4533	6
4534	6
4535	8
4536	6
4537	6
4538	5
4539	6
4540	4
4541	6
4542	6
4543	5
4544	5
4545	6
4546	6
4547	6
4548	6
4549	5
4550	5
4551	5
4552	6
4553	6
4554	6
4555	6
4556	6
4557	6
4558	5
4559	6
4560	6
4561	6
4562	6
4563	7
4564	6
4565	7
4566	5
4567	5
4568	5
4569	5
4570	6
4571	6
4572	6
4573	6
4574	6
4575	6
4576	7
4577	6
4578	5
4579	7
4580	6
4581	6
4582	6
4583	6
4584	6
4585	5
4586	7
4587	6
4588	6
4589	5
4590	6
4591	5
4592	6
4593	6
4594	6
4595	6
4596	6
4597	6
4598	6
4599	6
4600	6
4601	6
4602	6
4603	6
4604	6
4605	7
4606	6
4607	6
4608	6
4609	7
4610	4
4611	6
4612	5
4613	5
4614	6
4615	6
4616	7
4617	6
4618	5
4619	7
4620	5
4621	6
4622	7
4623	5
4624	6
4625	6
4626	5
4627	6
4628	6
4629	6
4630	6
4631	6
4632	5
4633	6
4634	6
4635	6
4636	6
4637	5
4638	6
4639	5
4640	6
4641	6
4642	7
4643	7
4644	5
4645	6
4646	6
4647	6
4648	6
4649	5
4650	5
4651	5
4652	8
4653	5
4654	7
4655	7
4656	7
4657	7
4658	7
4659	7
4660	6
4661	6
4662	7
4663	6
4664	7
4665	7
4666	6
4667	6
4668	7
4669	7
4670	5
4671	6
4672	5
4673	5
4674	7
4675	7
4676	8
4677	5
4678	7
4679	6
4680	5
4681	4
4682	6
4683	7
4684	7
4685	6
4686	5
4687	4
4688	6
4689	6
4690	6
4691	6
4692	7
4693	6
4694	6
4695	7
4696	7
4697	6
4698	7
4699	6
4700	5
4701	5
4702	6
4703	6
4704	6
4705	6
4706	6
4707	7
4708	6
4709	6
4710	6
4711	7
4712	6
4713	6
4714	5
4715	7
4716	6
4717	6
4718	6
4719	6
4720	6
4721	8
4722	6
4723	6
4724	6
4725	6
4726	6
4727	6
4728	6
4729	6
4730	5
4731	6
4732	6
4733	6
4734	5
4735	6
4736	6
4737	6
4738	6
4739	6
4740	6
4741	6
4742	6
4743	6
4744	5
4745	6
4746	3
4747	5
4748	6
4749	6
4750	5
4751	5
4752	5
4753	7
4754	6
4755	6
4756	7
4757	7
4758	7
4759	9
4760	6
4761	6
4762	7
4763	7
4764	6
4765	6
4766	7
4767	8
4768	7
4769	6
4770	6
4771	6
4772	6
4773	6
4774	7
4775	6
4776	8
4777	6
4778	6
4779	6
4780	6
4781	7
4782	5
4783	6
4784	6
4785	5
4786	8
4787	8
4788	8
4789	5
4790	6
4791	5
4792	6
4793	6
4794	6
4795	6
4796	7
4797	7
4798	6
4799	6
4800	6
4801	7
4802	7
4803	6
4804	6
4805	5
4806	6
4807	6
4808	7
4809	5
4810	7
4811	6
4812	6
4813	7
4814	5
4815	6
4816	7
4817	6
4818	6
4819	6
4820	6
4821	5
4822	6
4823	6
4824	7
4825	5
4826	6
4827	6
4828	6
4829	5
4830	7
4831	6
4832	6
4833	6
4834	6
4835	7
4836	6
4837	5
4838	5
4839	6
4840	6
4841	6
4842	8
4843	6
4844	6
4845	5
4846	5
4847	7
4848	7
4849	6
4850	5
4851	6
4852	5
4853	5
4854	5
4855	6
4856	6
4857	6
4858	6
4859	5
4860	6
4861	6
4862	6
4863	6
4864	6
4865	5
4866	6
4867	6
4868	5
4869	6
4870	8
4871	6
4872	5
4873	5
4874	6
4875	6
4876	6
4877	7
4878	5
4879	4
4880	6
4881	6
4882	6
4883	5
4884	6
4885	6
4886	6
4887	8
4888	4
4889	5
4890	6
4891	6
4892	7
4893	6
4894	6
4895	5
4896	6
4897	6
4898	6
